0 0.02734375 0.47109375 0.03203125 0.090625
0 0.12265625 0.4578125 0.1515625 0.165625
0 0.265625 0.440625 0.10625 0.2546875
0 0.28125 0.48828125 0.121875 0.2265625
0 0.32421875 0.42890625 0.05 0.19140625
0 0.3578125 0.4328125 0.0484375 0.22265625
0 0.40234375 0.4546875 0.11875 0.24296875
0 0.375 0.4625 0.04140625 0.24296875
0 0.4609375 0.45234375 0.0515625 0.22265625
0 0.47890625 0.4546875 0.06640625 0.25078125
0 0.525 0.475 0.08984375 0.25234375
0 0.5875 0.4109375 0.16953125 0.25078125
0 0.57265625 0.51171875 0.1 0.2109375
0 0.69140625 0.51953125 0.0921875 0.34921875
0 0.75546875 0.534375 0.0484375 0.196875
0 0.9046875 0.48515625 0.0984375 0.29609375