0 0.10546875 0.74296875 0.07578125 0.096875
0 0.1875 0.73515625 0.04296875 0.05625
0 0.29140625 0.7484375 0.0234375 0.06875
0 0.33359375 0.70703125 0.0515625 0.06875
0 0.34921875 0.7328125 0.0125 0.05625
0 0.3953125 0.70546875 0.05234375 0.0453125
0 0.41484375 0.74921875 0.05 0.06640625
0 0.50390625 0.7296875 0.0453125 0.06796875
0 0.5359375 0.6734375 0.0390625 0.05
0 0.5578125 0.7328125 0.028125 0.0703125
0 0.63359375 0.7421875 0.03359375 0.04765625
0 0.7234375 0.66640625 0.0328125 0.0453125
0 0.7796875 0.66875 0.04296875 0.03203125
0 0.809375 0.66015625 0.034375 0.0625
0 0.88125 0.75390625 0.05703125 0.06640625
0 0.88671875 0.71640625 0.0546875 0.0546875
0 0.88828125 0.66796875 0.0328125 0.04765625
0 0.953125 0.66796875 0.03046875 0.034375