0 0.10546875 0.56953125 0.2109375 0.39375
0 0.3078125 0.5609375 0.16640625 0.36953125
0 0.4296875 0.62421875 0.0640625 0.2015625
0 0.4234375 0.63203125 0.0484375 0.20859375
0 0.54453125 0.57265625 0.0625 0.340625
0 0.5609375 0.64453125 0.04609375 0.23203125
0 0.5875 0.56640625 0.0515625 0.35234375
0 0.659375 0.6359375 0.0671875 0.24296875
0 0.73125 0.63515625 0.09609375 0.190625
0 0.840625 0.57421875 0.096875 0.26328125
0 0.9328125 0.6203125 0.1109375 0.18515625
0 0.921875 0.6515625 0.05390625 0.21171875